Go to this circuit simulator online, And from File > import from text > Paste bellow code

$ 1 0.000005 16.13108636308289 57 5 50 5e-11
a 288 208 432 208 8 15 -15 1000000 -0.00009999800003999919 0 100000
w 288 128 288 192 0
w 432 208 432 128 0
r 288 128 432 128 0 1000
w 288 224 288 272 0
g 288 272 288 304 0 0
w 288 192 240 192 0
w 240 192 240 160 0
w 240 192 240 224 0
r 240 160 176 160 0 5000
r 176 224 240 224 0 5000
O 432 208 496 208 0 0
r 176 288 240 288 0 5000
w 240 288 240 224 0
r 176 96 240 96 0 5000
w 240 96 240 160 0
w 288 272 384 272 0
w 384 272 384 368 0
w 384 368 -96 336 0
s -96 240 176 96 0 0 false
s -96 240 176 160 0 0 false
s -96 240 176 224 0 0 false
s -96 240 176 288 0 0 false
v -96 256 -96 320 0 0 40 10 0 0 0.5
w -96 240 -96 256 0
w -96 320 -96 336 0
r 176 32 240 32 0 5000
w 240 32 240 96 0
s -96 240 176 32 0 0 false
o 11 64 0 4098 10 0.00009765625 0 1

